1.361367341087795921e+03
1.361550800926086822e+03
1.361742729146080592e+03
1.361877052753358839e+03
1.361908018551615669e+03
1.361825772182928176e+03
1.361659470976353305e+03
1.361466955968263619e+03
1.361314638518838365e+03
1.361254594208840672e+03
1.361306763359674051e+03
1.361452340464653616e+03
1.361640539930855994e+03
1.361806308326101089e+03
1.361892807309095360e+03
1.361870898215942589e+03
1.361748950250307416e+03
1.361569673514612532e+03
1.361395165913045730e+03
1.361285407284528901e+03
1.361277647475403683e+03
1.361373770313069599e+03
1.361539917876734307e+03
1.361718409938023797e+03
1.361847764629126686e+03
1.361883872501350424e+03
1.361815032930036523e+03
1.361665728787030275e+03
1.361487927861296157e+03
1.361342998623948915e+03
1.361280532082177842e+03
1.361321377104965904e+03
1.361450691275873623e+03
1.361623320145597290e+03
1.361779559983422587e+03
1.361865803007374552e+03
1.361852927226530028e+03
1.361746123629142630e+03
1.361582846849511952e+03
1.361419685513399372e+03
1.361312753071571933e+03
1.361298392955465943e+03
1.361380831506283357e+03
1.361530971608154914e+03
1.361696656186158862e+03
1.361820783488598181e+03
1.361860983535033483e+03
1.361804076605246792e+03
1.361670381369395727e+03
1.361506469121076179e+03
1.361368944984467362e+03
1.361304903103067318e+03
1.361335803243647206e+03
1.361450287634022743e+03
1.361608339664448522e+03
1.361755266914689173e+03
1.361840623871264825e+03
1.361835528433572335e+03
1.361742429087939627e+03
1.361594021724630466e+03
1.361441772123147985e+03
1.361338071433596497e+03
1.361318210725785320e+03
1.361388375299611425e+03
1.361523741421145132e+03
1.361677252311551456e+03
1.361795972975471159e+03
1.361839340804915309e+03
1.361793020634275308e+03
1.361673633050542549e+03
1.361522800035294040e+03
1.361392637964661162e+03
1.361327753021115313e+03
1.361349958058493257e+03
1.361450946143316287e+03
1.361595379253488090e+03
1.361733249722416758e+03
1.361817191731426874e+03
1.361818751000832208e+03
1.361738025235315945e+03
1.361603410802647659e+03
1.361461618904257421e+03
